120
6298
723
8666
4033
8601
5292
5302
4973
2986
3206
9961
8935
6517
1835
9542
3551
155
364
2364
2050
3791
1432
9881
1809
1826
4709
1950
8011
5165
132
1769
3091
5155
1051
6212
4950
4273
1640
3107
6784
1020
537
9942
137
5830
5072
7198
1236
5015
8480
1309
3096
608
6643
2960
2733
8143
3510
8093
3267
3555
7930
3148
3223
8885
65
7631
8713
3311
3582
6386
3233
5719
6510
5633
4843
642
7100
9125
5771
3754
7010
3966
6065
9777
9522
703
4022
4129
9310
1361
8767
5970
4209
7318
9704
8500
6037
7964
2885
4057
5014
5783
1569
1550
4119
9813
6370
6561
6781
1043
9132
2913
3720
9265
5039
524
3975
5294
3265
2760
6331
9707
6866
8976
9727
806
9328
8230
9663
5130
4533
9599
3533
463
2105
2212
2026
3138
332
3856
6344
1465
209
994
2548
6862
224
2220
9830
2358
6095
9222
9812
8077
6695
6395
7807
9323
8602
7055
187
8651
6800
196
9582
9922
8644
9954
9848
3391
1204
4528
8201
9375
1800
5384
2490
745
6710
5100
7883
5810
8650
2674
7226
3184
5850
981
669
639
5908
6855
1456
9528
5101
8936
1334
1455
169
6647
2052
2456
842
3097
6128
3670
4908
3354
4420
3854
3747
6320
8562
2104
9864
625
7644
2030
6700
4116
5109
3579
2165
6586
5981
8289
979
3075
733
8944
9398
7502
3082
5656
1903
2307
1780
2065
9168
705
3961
9530
6611
8739
170
9521
885
4308
1841
6143
4742
8356
1014
7859
8550
8350
1306
8146
6679
7968
3664
4064
3530
365
5432
6642
7750
6733
6791
3756
3409
461
8216
1967
6177
936
1319
5625
5784
4917
6102
1578
93
1479
5252
841
4745
1154
2527
243
8820
4356
8917
9494
1865
7259
1880
26
5933
5241
7577
5281
6955
1369
3408
5060
4269
8838
3324
7152
5849
1888
6645
2121
3156
5781
4956
9863
1228
8467
8781
7598
4132
8450
7787
8125
338
191
4522
9010
4376
3050
7550
5645
1214
2523
7228
1566
9040
9054
2353
1395
566
4143
1044
914
2326
3642
9736
9681
6109
9179
930
6114
3052
9464
9481
2118
3730
609
2513
9758
6854
5792
5328
5881
5509
6745
5493
5192
3161
5595
4257
6179
4124
8847
8775
797
9847
3911
3496
4653
4467
477
8014
1103
9424
9284
8583
9196
6732
1083
6601
8890
9572
4390
4344
8569
811
289
6145
9416
2661
9753
7032
5203
4067
2488
8118
6288
6492
5489
8912
6875
3953
1896
9094
8631
8914
7830
5714
3872
1944
5893
8408
2040
6204
3928
2218
5038
4606
3377
8990
9633
6404
7838
4717
8910
4824
8353
7596
3710
7327
5703
804
3477
7735
6200
6092
2400
5738
3182
966
17
2370
4279
4284
8841
1168
9697
6069
9344
435
5095
5321
3405
1055
3868
5008
710
5376
7333
4113
2147
2554
204
5594
6273
5293
7482
3565
222
9667
2267
6264
4798
6225
1673
6227
2473
509
4465
8842
4115
4816
2843
5362
1605
3057
9254
438
7507
9679
3641
1061
2988
8320
8949
7662
6945
8991
8033
7887
2305
9615
6553
6310
4128
507
8297
5243
8889
2516
9779
825
2515
231
7143
2181
2536
2402
3715
3336
8294
1192
1857
1160
5873
6769
4959
3559
6880
4492
5496
3915
4645
9531
7144
1311
6301
11
6242
2933
450
8459
8079
377
3546
8205
4723
32
7387
1729
3105
1707
8189
1827
7180
8746
8743
697
8509
7265
9244
7282
1644
5506
9347
1305
9077
6532
9478
8871
7963
8475
1293
3882
6881
5665
4599
9197
4535
9716
1958
8674
2201
1038
8750
7286
6133
279
9317
6218
7868
7432
1991
4408
9216
7739
39
7867
1438
5991
6782
3662
9657
9541
6342
995
7990
8314
5128
1552
8588
8317
7825
5186
1879
4044
313
8122
6872
90
4970
3064
2113
4815
115
1483
6455
7120
9686
2807
5303
114
3200
8246
4270
720
3410
3375
2784
8135
7893
2775
3534
2728
8970
166
7505
9730
8780
104
6255
386
1094
1905
5564
2446
6663
1858
688
1918
8918
2560
8504
8092
5903
3441
7374
5007
9775
3436
9436
4200
9639
7563
8377
6641
6658
6337
8327
5078
1667
6653
1700
2611
3509
2762
2387
4993
8386
2497
8941
909
9671
3622
5194
8811
7680
4603
8742
9041
1659
4009
3088
727
351
2086
7065
6027
1058
1268
8391
558
5698
5644
6481
5500
1363
1691
9814
200
9877
2469
3744
1113
5725
597
6563
575
5469
8263
7513
9293
5492
6665
9539
2194
5894
9026
7523
7794
693
2440
5309
4513
3104
3821
7183
9055
1636
9004
3427
5254
1630
7229
4499
5653
4050
9322
5691
3388
3130
1256
913
2965
281
4585
8720
573
2228
398
7174
7004
5529
4893
5860
275
2799
5650
1195
3516
8818
1522
2125
1623
7908
6833
9139
6115
3208
9110
7085
7163
9865
2793
1406
9326
9644
8197
8195
2735
4538
3994
6282
2066
2217
6152
6103
3767
1444
8732
2863
9406
9723
171
8574
478
3770
6879
4692
9547
3676
4576
7433
9715
7531
7545
7875
5486
5235
2553
2791
1811
8066
831
1850
2242
7073
8877
9221
4289
6461
7697
9886
8416
9914
6088
469
1824
1750
5
1219
983
7424
7383
6737
56
5311
8719
7773
7789
2496
3277
6661
1724
1916
3313
3976
7057
8756
717
4932
4612
4832
6035
7357
3992
9325
6724
257
1009
7674
3535
1716
6780
580
8107
819
9089
4146
6480
636
3766
5843
9231
5980
8665
8826
9973
5971
9194
92
387
3524
8139
9647
6924
5720
6503
2917
7848
2424
8277
741
288
4591
4906
3485
5211
5168
3618
3695
4546
2790
8435
7405
4801
8828
2392
5577
3221
3456
8403
500
1242
6085
5197
6944
3851
5239
798
3412
9275
7160
2713
8265
3204
1447
1355
7738
1294
8802
9100
201
9277
3039
8286
4910
6559
5407
6498
6675
614
6318
2383
266
1839
877
1976
3606
7071
776
206
9159
3058
5968
2995
9351
5389
2141
5943
6954
5019
5802
5739
5957
1972
5806
4867
4845
5144
2641
1203
7520
4655
9930
7235
685
5786
9636
3292
1259
7150
495
1148
485
3069
7154
7900
5515
6764
9564
9729
501
1098
1368
7641
9006
2048
9770
3493
8487
1687
9709
5567
4999
606
2431
2910
8018
2860
8330
432
9423
5193
8414
1114
8313
7871
1431
1672
4149
4941
310
7820
4006
195
6387
4625
3173
7671
6923
6199
8599
6996
4074
6080
5283
4953
54
2240
1279
7960
1761
3001
5206
3665
7083
8100
1637
4362
3803
3537
2312
4988
6969
4482
7009
7617
7239
6957
6851
2822
4821
1924
7721
948
9208
247
4914
5054
1959
9652
4203
8765
182
3271
8712
23
3838
2923
7922
7175
3360
2000
5383
6416
4553
3869
2334
4786
6668
5126
3503
1247
4509
4230
958
9804
7110
3483
7827
837
7002
5156
834
4871
5250
4134
493
1237
5477
8819
8337
3110
3814
5458
7393
2309
6989
3176
9688
571
3864
5274
217
5487
123
1291
9299
4708
2099
847
218
8324
2801
2021
3725
5139
7950
6848
8630
6928
9915
5097
8753
4247
7808
4939
4842
8836
5905
5837
4453
3248
9506
2254
1013
7861
8551
687
3511
3419
2056
8204
7193
5862
5648
8634
4565
738
2154
894
9796
153
5536
8865
2778
6792
1337
9743
8193
5574
9042
156
6623
964
7793
1370
9822
9471
5395
4780
9659
7715
3263
2414
3750
8402
1591
8090
7423
9711
1019
7684
2198
6887
2631
6136
5182
5104
213
8158
991
5813
2189
8689
8868
5115
1167
3683
5627
7973
8175
7206
6761
5218
220
8161
7836
8002
9365
7499
4108
1652
2862
6676
4061
457
7565
2258
3830
8325
3680
4629
7878
4403
5669
3297
5164
6942
3867
6083
1183
600
3831
4020
3359
805
9872
4163
9801
4104
7047
202
142
3799
1024
3739
5290
8640
9755
2365
9021
1487
3422
4803
5617
1298
9051
6501
4364
5132
6295
7537
1491
9519
475
7902
6376
6991
6731
414
6223
8340
9972
5429
2543
817
2524
2044
5557
5325
1495
9141
9871
4342
5934
5462
6454
8153
7542
5571
9103
7718
7334
8136
7911
6556
7208
6162
3293
1196
6547
5803
5377
3633
2081
4895
7461
7556
2590
4125
7335
9879
2244
3162
3242
3982
6813
9329
7460
1031
1943
442
7853
6081
7275
8822
4088
3203
7972
1837
1773
6529
8054
3476
5823
3500
3065
862
9577
9940
937
4711
643
5210
9396
8731
7396
7017
5214
4754
5386
9220
6327
5438
5622
5864
4767
2874
1670
9944
4552
3592
6390
8870
1947
4921
2581
8108
7579
4864
63
4796
6604
7372
2071
7363
9834
2987
8593
5103
5861
6614
9998
62
4416
2682
7403
739
6051
8728
7516
6060
3554
1034
9296
7817
1003
9389
8501
5341
6216
4397
8344
3187
2089
4221
6897
6077
3810
6437
441
5950
6424
1748
4761
4763
6933
6245
3972
4164
7576
572
5001
1498
1356
8984
969
4177
321
7409
8894
1213
3556
7101
771
6247
9811
7722
1577
6787
2042
4828
8137
5638
7097
8859
2771
3011
721
6053
5880
6028
3321
6011
6078
4794
9135
9330
3800
6951
6638
1169
6843
2008
3207
2950
9014
2418
2318
2321
8334
6104
3795
5743
2721
3963
4766
3449
1378
4479
6922
8499
8687
7316
4810
2668
134
3858
1609
2919
970
4002
9074
8931
7031
5411
4730
2452
6805
2299
4292
2106
4595
5588
6346
1371
9569
8691
7294
554
874
9682
7857
6226
4974
1420
7108
53
6169
520
9843
3352
6711
4814
3874
7450
9152
989
7467
6311
7220
3136
2911
518
1804
8349
3746
9024
9473
393
1341
4118
1352
3782
1198
3734
1567
3178
6407
1765
7043
1030
1740
7958
8149
912
5077
4417
3043
280
7462
3060
4779
8001
3635
5773
2613
1251
3613
3519
6807
7700
698
1139
6846
4923
4333
6908
3197
5084
1208
7585
3964
4109
5027
8259
3376
7999
1957
3431
1961
7826
1275
6183
1799
5613
5366
2462
4505
4351
4847
6120
8915
5016
7769
7983
3806
9047
2283
6914
1842
8570
8855
241
4025
4242
1699
6352
6845
2511
6522
9270
484
5706
5729
2586
122
4911
4682
4343
4111
5592
4256
7436
1649
8378
5623
4489
2785
3072
5003
5150
3288
1538
9971
5876
7751
2692
2920
3717
1964
8928
1240
7321
3973
3968
6541
8207
5070
9645
4634
8404
5999
7851
1537
6287
2192
1899
7058
9640
3525
8649
2062
374
5237
8590
9937
2108
2449
5647
8267
7362
7716
73
810
3691
9808
6526
9590
4488
230
2375
5674
1336
9536
2432
3432
4201
9752
9932
9535
962
8117
4789
5637
4438
4076
1076
6434
4494
162
1248
6685
9869
6049
4147
6921
2491
898
1197
372
7863
2756
5787
2178
8557
2467
8793
5808
7686
997
1050
2895
2011
8086
901
406
7675
545
1244
3888
8235
7533
3158
4997
4370
1686
4331
816
4578
9725
4137
7431
8722
8142
4678
5420
4757
1386
735
7971
9479
3214
2671
126
2573
2366
1507
6893
6161
5628
2249
824
7800
8057
5461
9901
7456
8606
8114
9815
4900
9851
2172
5344
4179
6482
2157
9108
6213
52
6428
4303
9593
8321
4947
5834
5348
4458
2482
1346
6493
7775
4967
6292
7388
2677
2169
4236
8587
4707
2117
7626
6566
7227
4286
4626
285
5811
5409
6671
388
7504
6488
1209
7945
7601
9495
5947
188
8600
8925
2701
8051
1124
8860
7754
1046
1482
446
2565
9987
4630
521
8771
8032
2287
5181
9349
7474
9268
58
2715
8282
1735
4839
1753
6967
6497
3672
5589
7712
9691
6436
3213
2727
523
3473
9407
5624
8180
789
1848
9023
8994
9267
891
8604
8272
7918
4517
4140
9917
6375
2780
1988
7253
9680
4449
7497
2687
4617
8270
2161
3027
6391
4384
2009
8050
6191
3846
5059
2921
7682
3817
1615
896
7732
2373
4928
8346
7125
9158
9384
4096
5809
6196
6987
5331
2101
3568
3305
3941
1064
9949
4654
1573
2741
4977
928
5675
3651
319
5138
4183
8106
8049
4047
1757
2093
953
4662
808
998
7801
7730
8208
2930
1823
7252
7846
7213
7271
1925
1215
4949
2533
1210
5782
7714
1703
1551
5393
5935
7979
2455
8568
64
6664
3045
2498
144
4969
1878
6021
7437
3315
5555
6067
2372
8502
6326
7812
4799
722
295
7903
1995
9666
2196
2103
2588
334
3949
7640
9182
2893
5266
8988
3502
2666
7560
150
1727
1802
4442
5140
1529
1171
1508
7541
1374
2206
5285
2975
855
3328
5585
227
7932
390
7957
1130
8213
815
7876
8424
813
7648
8576
1852
4439
2132
6105
8678
5587
5408
9019
9821
6531
4245
9162
5175
7708
1898
6918
6884
3727
6603
1366
3262
1549
1040
652
707
9685
1986
7399
8030
1383
4696
7976
8021
3445
9592
4802
5316
2277
2894
1671
726
6289
1428
7909
1388
1838
1284
974
4380
6651
5911
5936
4365
1067
3991
9818
3809
272
5234
9164
7381
2696
1451
9747
5387
8479
3160
1505
2061
1710
9285
9427
6112
1222
3929
9069
5201
2764
5825
6374
7005
881
5322
3372
8724
7660
100
1603
7689
3237
9823
5185
7701
5941
2122
4004
5922
2532
1246
9591
2637
5532
5776
4972
4024
482
7743
1586
6557
5673
3260
7753
713
2342
4613
3447
6076
9112
1560
9724
2474
8430
68
9146
152
5632
4778
846
9085
6269
5902
7906
548
6215
7224
2934
5546
4689
829
9027
4888
7261
6350
7527
210
8812
1712
2845
5983
5754
6962
7869
2481
7301
427
6487
7078
3279
4621
2032
577
653
6127
2943
8360
890
5896
6877
1012
1817
633
5992
5289
9751
7879
1123
4604
470
9920
2230
2468
5227
2694
3434
3700
3202
5926
6883
9111
9117
445
4605
2333
2173
3898
3498
167
6044
1820
5670
8186
2537
6691
9377
1070
7941
7472
4673
3572
6552
6673
4929
3159
9544
6948
7770
4698
3615
9209
3229
1935
1350
8906
947
2835
6110
4846
3865
4001
5319
1882
3055
5955
8626
9243
8754
4812
8795
5535
8352
1939
7618
1474
3857
9968
8141
6995
3296
3395
561
5554
7420
5373
5833
1542
2420
563
2839
5304
1380
7683
2233
254
6585
3654
1936
6167
8932
971
8530
1443
7774
4139
6322
4668
1685
6074
9361
8477
4363
5332
1449
9180
1744
3192
1867
1276
3489
4685
8176
6572
2938
1895
6277
9695
4978
9037
5745
8303
1806
2331
8745
75
9988
4731
8365
5602
5954
7810
3762
8027
8418
3370
4142
5347
2699
267
3512
2087
360
3981
3679
3563
7325
5780
2872
9115
4573
409
4246
5238
4005
4495
8656
6175
1533
164
7458
447
4586
8063
623
3252
4214
9333
12
919
2361
410
9225
7153
1322
7118
2821
8080
4054
9200
7313
1095
7669
1770
8458
4469
663
4381
4699
5405
5556
3492
276
6222
9226
3826
1270
8199
3435
471
7209
1087
4178
7280
638
3468
8285
7112
1952
5497
6271
5152
8010
4674
6071
3629
2271
5102
2724
9387
8236
9529
8788
4659
9161
4683
1002
3234
9677
1715
8578
9295
5989
547
9573
3454
7616
6610
5037
6533
5973
5601
1563
2164
1376
3969
8159
5392
4225
416
6779
3594
8572
5035
5499
576
4095
9300
7670
4827
4193
9994
2435
7487
8591
9078
1682
4922
1516
2658
1086
7635
4925
7597
7212
7881
3589
3196
2765
7946
3450
2442
4296
5942
9400
7828
4521
1813
6261
5756
7081
9924
6973
5424
1822
5178
6917
5124
6707
6777
6597
8087
4085
2849
2811
3918
5569
6822
5626
6836
7822
9825
8486
8909
1304
2399
9214
1217
9842
5357
4642
4670
1697
9148
389
7956
2005
3688
3046
2968
5451
2773
1362
1280
6961
7760
6013
9526
3484
1396
7480
9404
3074
7974
6935
2711
4316
2043
5969
828
6714
7476
3188
7695
4
2346
7709
9255
2589
2186
9839
6415
671
1075
7230
3378
2749
8453
7003
4318
5791
7843
8981
6940
8924
1119
9016
1277
1066
4776
1235
1264
4898
7996
6947
2336
7469
1855
8939
596
2944
9206
6233
2953
5034
9745
1026
9379
9445
2002
1220
9926
499
1714
6339
9951
3504
8389
2098
4302
5263
2069
6511
43
3364
1911
9230
2750
7186
9229
1359
6770
6927
1653
5404
3407
2036
4994
7942
5160
770
1317
5300
7962
159
5917
4809
1092
6467
1409
7923
2955
6475
5154
5088
103
7481
4443
3100
1881
2123
2942
2231
7427
1377
3466
6230
1085
8653
7862
8980
8290
242
6254
807
2962
9762
3583
9020
3604
7591
4290
1007
4705
3077
4087
4622
4516
5295
4836
670
4765
2980
6017
9714
7587
9556
2506
7608
10000
1118
4114
3879
8182
417
6876
444
2215
1503
9852
1614
9918
9191
7030
2716
258
7986
9738
4268
8220
2472
8196
6057
2159
8845
6303
7147
6841
1144
270
2347
8953
4071
603
4030
9699
1326
9581
9624
3692
6958
9000
5904
3528
2059
2127
496
4657
9118
7829
2568
6195
4638
8973
850
2902
2107
5829
5063
4276
6907
1801
2013
8465
3342
9292
1039
1314
634
4740
6431
6748
5763
6279
7886
1149
9011
4968
302
3021
9062
3022
6860
9341
9342
2904
512
8776
7113
4440
8559
7297
5831
8908
51
9383
9764
8947
5286
7681
7158
5313
9896
4411
5174
5937
9428
5085
2433
8544
2901
5276
4123
8632
1638
6828
3290
3083
1496
2622
2796
3092
9066
8506
9630
6847
8065
6185
1694
106
4891
5342
1948
1234
6026
2494
4435
1787
5695
9263
413
7849
822
4840
4774
1532
1664
3281
777
5772
2054
3908
4254
5320
6055
7008
3451
7019
9612
3601
7524
7929
5767
6450
2900
3345
4138
3420
6019
5200
2031
2802
7782
7703
821
586
6361
2853
2725
38
1909
3738
5004
9720
5586
8661
667
480
4666
6141
2831
5326
9276
5245
9741
1832
2647
1706
527
8764
2234
4746
9442
9223
7096
2915
3012
4663
148
1695
2928
8043
4820
2927
2649
3844
9952
4094
59
589
4325
1415
7549
9183
6920
2997
1871
2702
6425
3411
9048
9771
6445
7571
4669
7342
5682
6379
1393
5259
9119
8534
2851
4560
3300
863
9320
5345
7536
9414
1601
3805
9156
3167
1779
6629
3444
8582
4136
3752
8997
2429
2722
681
8174
3448
2572
1942
8846
6025
3362
9477
1229
1327
4181
5804
6538
7954
9562
2187
1372
7896
8948
933
7561
6072
9440
7371
5882
8772
4752
6776
9899
271
9614
6519
2903
3608
5918
2830
8714
7528
744
4133
7488
9880
7512
3931
2250
5541
848
9030
5108
8304
7595
76
5041
3428
6243
3308
2140
8969
2293
4892
4571
3673
1641
1405
1143
9938
3709
3646
6715
7052
3474
6536
1387
7190
9493
8688
2964
5141
9386
740
8132
4051
6966
6627
6826
1037
6496
5575
7033
8157
5702
2971
8543
3249
7355
3394
9610
1717
3566
3155
1875
8194
4646
4855
8489
3337
6471
8261
8274
9875
8238
1282
791
515
5022
6465
3732
6397
2623
303
2384
7182
4208
2412
9703
8913
8737
2779
4640
1241
8596
8861
9665
5608
6253
6736
8643
8683
2766
1996
236
4934
8398
1117
3381
7664
6002
854
4421
3971
7833
6210
6302
555
6220
2014
4627
5616
3581
5050
4862
8733
1747
6975
8160
8260
6308
504
6999
1993
5136
2256
7948
3960
3955
1979
4252
3815
3258
9257
9218
8188
1756
2285
7164
6367
6486
6812
9426
5871
4313
8425
1254
1121
6617
7306
8592
541
4474
6307
7615
7291
4936
4584
158
9960
1877
3935
6267
7606
6276
2138
6747
2646
582
8420
67
3070
3678
129
2591
1606
8481
6758
1572
4963
3652
2886
760
7173
3891
7791
2939
3099
4271
9658
9978
5869
3028
8252
9472
3143
1153
2362
9405
1933
9113
6031
9079
6140
5116
8730
9907
2809
5091
1300
5215
336
550
9768
4807
4866
3310
7070
5757
2574
6994
6712
7797
3276
4204
4979
7706
7025
3210
7053
6479
431
6759
9525
8262
7404
2890
1784
2502
5959
5654
2906
6825
8251
4258
691
9305
9401
7446
6815
5759
6275
5089
189
538
4062
8488
7731
6894
6936
9022
5230
8062
6153
5812
6405
857
5785
3222
8434
363
8322
8474
4790
7919
3137
5119
6456
8896
1680
872
9641
5815
3301
8347
8060
9106
2453
1499
1978
4860
6201
8685
4048
1250
7094
5187
6832
918
7350
8476
5818
5075
6625
3165
6659
9242
1990
5741
7109
3347
5264
4077
1484
7920
3085
4326
8989
8497
4887
4082
8083
37
8209
9451
8098
9936
1133
8357
325
2058
2330
2804
3031
9597
5549
7453
3304
9637
9549
1540
679
4497
6794
9609
9049
5137
4549
8250
2039
3008
246
422
7949
7401
8637
5380
4036
3139
2747
9116
9621
3152
3390
6906
9996
9995
1062
8147
149
1101
4804
1969
3472
1592
4569
5761
6740
1328
3927
8074
4870
3226
297
192
1323
9912
4103
8892
9036
4427
3253
9866
916
6972
6079
6742
6873
3701
7122
6809
2815
4430
2413
2648
627
5750
7191
2489
101
2517
7840
2976
294
4191
7157
7262
7308
9585
6932
2844
8751
1696
7985
3480
8748
3368
5712
8664
9093
8893
6010
8959
8830
3323
2067
1414
921
7687
8575
8698
9939
5562
2428
8437
4506
4643
2675
6527
2632
9744
7997
6154
704
4159
7044
1612
5494
4750
7702
6038
7278
9187
3047
6217
9224
7816
564
1312
5707
3995
7200
4412
7510
8020
228
6347
177
9790
9391
6009
3020
8073
1413
2570
9805
3977
9935
526
2408
7418
9403
1320
5081
9511
7564
801
1221
3825
324
6701
6294
4026
552
2034
513
4041
906
8623
5360
7927
111
9075
6699
1506
6757
2019
5800
4739
7274
7072
5796
943
5258
2657
5058
6272
5724
1607
6290
3421
1894
1021
6803
9025
4588
8854
9279
2525
7430
5480
5464
8511
7915
503
4358
8943
7752
2182
5488
7704
2200
5442
6278
762
5447
8808
5752
6925
6008
380
4899
7296
7749
9064
263
8392
9331
8113
8655
1162
1122
5465
7140
5774
3095
6980
9253
7786
2084
1266
3773
5079
1333
9448
9491
5762
8382
4831
6681
2880
2871
7203
7624
2563
3764
2503
7348
840
3924
9970
5820
8415
223
3415
2879
9417
2151
2221
6818
5801
6682
2795
899
6240
6392
5335
4562
6097
9052
7006
6793
2909
1332
7525
9660
8490
7649
6886
3227
6073
4572
644
4021
1732
5696
8800
4162
5832
8071
2610
9476
6578
9308
2368
934
9312
4951
4425
2379
1022
7056
6589
8281
5171
2688
5361
7346
1558
5382
4788
9841
229
5114
7162
578
7234
7554
3883
7661
7728
2209
3462
6814
4641
2638
4172
1285
8120
5381
868
9199
2531
9883
7665
3753
5282
2751
718
6619
3128
9861
8521
2952
8221
5147
2719
8607
7415
774
6934
7367
9155
4106
3759
6797
9086
7149
3169
8190
8112
8123
3185
4687
7658
9283
5558
420
7411
2409
6584
5167
9212
9957
7317
5236
7091
487
72
3041
2466
9250
3030
8119
7889
7602
5548
5736
4924
2685
5694
4385
9769
7783
61
4611
9288
4589
3009
3728
9067
2023
607
3374
434
4539
8200
2555
6607
4897
7568
4477
8228
9605
7755
754
2203
1429
3837
519
1434
4498
2642
1980
4563
2748
119
6469
3698
1912
5518
8492
9900
6286
9091
4240
4558
4749
8026
6891
2875
8412
1509
6098
3813
352
1610
9785
8439
4228
8144
184
34
1342
9763
9908
9486
9306
5699
7496
3475
1473
7051
3796
4360
5967
212
9588
6372
8099
494
1720
1556
8803
8310
5024
866
5931
8809
1657
1920
6741
8275
5583
1722
3768
7761
1441
9798
8312
6713
9981
1205
6509
8105
8832
9759
3786
9661
4675
675
3590
4880
1973
8411
3331
5133
1930
6251
3116
2235
2926
3863
9462
9873
9722
3035
8523
3784
3389
1202
1998
4965
2430
1501
6453
6381
3998
5446
9274
3023
287
4249
1595
1805
2504
1792
6399
4536
910
3740
7151
1273
8444
214
3399
1354
4693
4805
1587
45
2328
4829
3958
9166
2599
1932
7991
1065
1190
9415
5205
9854
3393
2391
4656
756
604
2461
935
8375
348
4121
9885
9867
2540
7475
8814
3645
7311
3658
5828
8934
6985
4206
4261
7646
5681
5229
9527
8358
4373
1417
939
5542
4758
7171
7815
920
7498
9683
3946
516
949
647
1
9710
905
616
3259
9461
7988
568
5718
1588
2846
1675
8701
7391
9789
8406
7092
7637
1394
5839
4058
5120
5333
2837
8957
9018
9496
3186
2438
6941
5651
9911
8961
9909
341
2818
7105
3850
7258
9083
8966
9836
7543
2509
244
1808
7273
9737
9456
8376
742
5379
8686
8923
9233
5457
9124
6470
7440
3343
7416
6888
4930
490
7165
320
2080
8563
7699
3989
3094
6890
1430
9207
8056
7007
8717
5353
4112
2275
3240
511
1468
7824
6521
1156
2542
4524
4196
3870
7744
1571
8620
9857
5619
692
6402
787
5519
4583
782
4937
1502
8045
8816
1165
2176
8837
5082
8594
5479
6265
5539
6725
8609
3625
1688
4389
233
2769
5065
3032
6155
314
4205
9443
9504
6214
823
1927
6911
1480
3170
3494
9509
174
8553
1494
645
4355
2788
9184
8527
5524
19
109
7324
326
4667
654
3889
549
7842
6458
7041
4407
8567
3241
9627
1919
1446
6411
9933
2425
2705
6588
3090
9646
3424
5308
5537
2891
3482
1796
3416
9546
2119
2624
6373
4299
6575
984
4466
3471
8646
5018
8005
78
3591
624
3010
8202
6221
4150
2229
9690
8520
6719
7865
4171
8525
89
3118
4935
9754
5668
6772
8657
5359
2596
4288
1662
8138
6315
1847
5827
1869
9259
9800
4772
2162
7425
1186
865
6878
8940
620
2458
957
6694
763
8679
8821
4577
3819
714
6726
2146
5643
2205
9215
8331
8986
878
882
6838
1257
3385
5000
743
6655
856
4391
1862
4340
2949
8234
5958
7329
9910
6389
8807
8518
3309
7339
6157
6418
4753
8564
4755
4015
1426
972
8185
3845
632
2966
1493
7874
7338
869
7642
1206
1225
2982
8417
7847
8173
9598
4700
2852
753
1310
9563
9846
5799
4243
1138
5134
4007
5265
4868
1481
3273
4574
5559
9245
5355
5883
4354
9787
3440
8907
5261
50
4144
8229
9204
1180
4822
6126
1307
5544
6549
7593
7468
7390
796
775
1407
6864
340
8963
8242
411
9975
3950
7197
8438
4213
292
4570
2390
9756
9601
7609
3232
2292
9993
7255
5028
9380
886
3959
8735
3469
4756
8306
1357
6164
7518
180
3913
2016
5416
2534
615
6388
803
1239
8315
1063
145
7771
5952
8232
1028
1231
1618
611
3621
9297
2297
664
5523
7678
8886
6338
9855
1759
5965
5527
1404
9946
1790
2526
963
9217
1702
4429
7068
6466
1711
4735
5367
4101
1937
9251
3289
8510
904
4736
5868
5399
6313
1453
2190
8872
7746
1884
3189
6646
543
4633
2439
1141
6439
9444
1477
9559
4275
5398
4190
2686
3940
1226
2278
1604
2767
3501
9980
6506
8628
1053
7772
3794
8987
8362
8796
8734
3520
6042
5431
5048
472
5655
226
5098
5689
9422
8369
8460
6598
7264
3123
7104
9357
2868
4350
9878
6341
5758
7995
9315
1751
4903
4378
8975
7589
9584
6004
278
8413
1891
4463
9095
1232
4330
9625
2689
8302
1772
5033
4806
2690
7337
8954
5262
3893
2323
8702
1655
2550
2697
4918
1701
8461
3350
8088
7075
4173
4631
925
4369
2522
4348
2112
6235
9353
9213
8573
1127
2437
6829
3505
5251
57
5256
5914
9145
1650
1398
4881
4396
6974
3923
4152
980
4317
8109
3361
4447
3442
1316
8148
9001
2547
1647
6091
7302
5884
3346
1845
7176
2693
3464
4770
6998
1854
4775
6539
9515
8064
2451
8233
8374
3892
3693
2991
4554
1908
4375
6137
4543
6244
5814
7634
5596
2463
5551
4710
9167
6570
7299
4235
9319
9786
505
1994
9692
4180
1188
4716
4532
4915
440
9203
7192
5606
1517
6477
9177
9092
699
8053
465
1945
536
4456
2139
585
3816
6943
3853
3314
193
5887
2183
1088
9073
4679
6616
5025
9586
1590
9449
2270
9409
2359
7485
3541
6790
2295
583
835
1008
4748
5242
3726
3465
4186
8900
8744
8641
3348
8669
9986
7379
7107
256
965
249
4618
4280
8978
6910
424
674
8264
5760
3722
5121
8296
539
9321
9144
6929
8075
2116
4792
7187
1410
9718
8662
2541
7535
3626
6015
6916
9888
5727
8219
3884
237
1476
3270
4336
788
7451
8307
5368
5478
3199
7544
2219
3614
8622
8621
3283
4464
8452
2325
6280
961
3404
4874
3690
1633
8039
9817
7001
399
8401
1224
5159
8472
3777
9712
8094
2734
3904
8636
1288
1574
5603
6190
1339
3205
1245
4857
6224
7726
6263
2349
3275
938
2604
7645
2905
4904
8783
9548
5011
1611
4854
2291
1726
927
3820
4795
1201
1999
3426
6639
592
9287
8789
2609
291
6554
9039
590
2714
2199
451
7939
7925
5421
587
8495
6571
508
8998
5224
4328
6602
2575
3274
4434
6621
9894
9017
6314
4650
3467
3895
8388
2691
8897
3944
5188
1766
8862
929
6472
6810
3849
6317
748
4304
8348
1553
3239
9574
8682
9465
7994
4059
2794
6983
94
3669
7141
9617
3325
4484
8684
4837
2493
2207
9150
378
8012
3930
5972
4594
3125
1658
9708
9097
7466
2457
3174
1344
5636
6452
1788
9833
1382
3707
199
5641
4126
9595
7394
622
9096
1741
5974
5086
1997
785
4688
4098
8516
7132
6146
7657
8904
7573
9717
1111
7519
9309
6096
5106
6760
4253
9773
5688
5528
9174
5490
4841
8965
4197
7653
9169
9565
9760
3778
5685
8605
5938
7710
5842
9057
1953
7034
4334
4452
8654
6666
9850
2281
9043
968
362
4066
5721
3098
2834
2499
4174
5552
8833
328
3251
1613
7448
7117
7167
9458
9616
9606
2877
6606
3703
8844
9157
85
6577
7894
9431
7039
5547
4248
4760
4238
8608
648
3979
1433
4542
7763
367
3036
2935
7509
3004
601
6867
7967
5826
4510
2706
1775
3687
6562
3081
1864
5216
9087
7766
1400
6778
7727
873
1466
1301
4445
3086
6118
9188
7748
6340
8171
2327
6746
8380
6537
5436
3910
9420
7611
2680
7245
3367
8115
4527
8522
786
3527
6952
879
1856
7084
1011
3724
4940
5162
9304
2237
8537
6438
8343
8673
8368
4952
3495
8329
9173
9902
7877
178
3134
5094
2405
4158
8168
5323
2873
1313
1536
715
6345
8405
9618
6981
16
3025
8426
6239
418
1194
2355
5927
9999
1485
9035
1557
3299
7419
9466
2476
8635
6193
1906
4927
9860
5473
1639
656
6451
1913
3018
8431
1515
1628
1193
9816
4856
4460
2663
1642
5503
7045
9651
2970
1982
2332
9984
4782
2216
7940
562
6993
190
7340
9109
8874
7912
5769
3042
140
2204
1450
18
9126
9575
8013
1390
5352
7038
9234
9311
8718
6680
483
5002
7759
1099
9454
4207
6835
1923
498
5898
3939
6689
6632
5330
2255
7013
3808
1460
2082
5735
8028
7219
2272
9410
7177
628
4960
7018
4849
6899
7546
8672
7951
7622
3881
88
8494
1467
3330
8000
8181
8034
3711
9622
9252
473
4982
4361
9967
8089
3396
2628
9302
5204
6500
9480
8597
9468
6139
4726
2477
7790
6234
6268
4462
1931
7315
9761
2265
9638
7439
5713
5533
1017
7026
1360
5560
8042
9127
751
5415
5315
8633
1296
9272
2739
6762
8850
2826
9505
4844
6774
4349
2259
5640
9969
7659
4556
8126
2829
2583
9392
9433
2732
9382
1096
9029
5764
6047
7361
8244
6246
2627
7600
5226
2483
5859
6228
194
8589
8541
9336
9870
4282
6738
1914
2718
4537
6368
6050
5994
1836
5444
403
3507
9228
7515
9130
9898
9359
5053
5057
3598
2505
2033
6930
9923
7028
2559
4610
9740
923
4728
1189
8271
557
5709
3131
2817
4169
8241
261
9693
618
5923
5590
7161
8677
4913
6385
5471
316
4437
9551
479
2566
8470
6116
9102
9676
747
975
7855
8694
1728
2746
7106
9856
8762
4250
6827
6849
4713
5343
2344
2833
9307
8019
4992
6628
5074
2396
9140
6186
8879
5439
5749
5789
1212
6188
3329
9560
4287
7250
299
7124
2787
6106
651
1472
8968
443
2074
2781
6005
7270
8316
9247
6569
3862
7538
8255
6751
7667
8539
9065
3453
1435
96
307
1365
7901
6484
3943
5470
2083
1546
7803
208
9579
8372
3540
5824
22
4223
7553
2958
8887
7679
5484
7719
8076
2521
6931
8876
3824
7205
2251
8198
382
2289
4486
9032
3834
6963
8586
4393
4496
2813
6173
5297
7277
3168
5067
3600
8766
305
8616
5349
2827
9884
5452
2881
9990
2246
1829
629
2155
529
6871
2174
408
5563
5135
895
1107
9195
4826
3812
880
8758
7882
3878
5634
7156
339
849
3366
8615
986
2294
5396
6622
6206
9765
9138
6865
2777
3962
581
4493
3171
2389
8231
2695
2343
4791
903
1678
6752
4704
8638
1892
1782
5482
4768
1708
7614
9467
8124
5737
553
293
7551
5985
2603
2348
2977
8823
8952
3901
30
3024
7742
5838
6316
35
8747
5512
8660
870
9121
8179
5045
1379
5677
1893
3231
6546
7484
6283
3807
9793
867
7890
5900
7713
8333
2597
8150
9190
1345
6305
4551
2148
1983
8709
1565
3593
7000
5402
1949
7668
4003
6530
3733
3355
8082
6696
4727
172
3547
4310
5755
9339
5307
1863
7290
6359
6579
6858
491
8951
956
6441
8958
2924
3280
4266
6356
1810
8345
5572
4267
8831
4632
207
5272
7136
327
4744
8930
1674
6093
4335
3681
6568
168
5865
1866
2001
282
1510
6170
5530
5662
4080
7066
8101
5998
1568
453
5346
5604
8036
5228
7559
8933
216
1091
2142
960
8566
1665
4145
832
4012
9845
9721
1283
836
932
2480
7069
6178
7059
5746
8639
2519
3318
1329
7604
1771
1303
1818
9669
4367
1530
7102
7636
3696
211
9363
1734
540
4319
2858
5143
6960
8177
2789
8025
3661
2261
3491
4579
3132
2156
7310
8773
9985
6018
136
6634
985
784
8858
5676
3087
5273
7921
7353
4069
6543
6059
3603
9367
7629
4525
6683
8536
6166
1693
7650
8546
44
4602
8222
3580
9516
2095
6857
6207
2434
9355
6672
5993
6693
9613
9475
5076
7928
9976
5485
5042
3317
7897
5646
1974
8052
1325
2406
8610
9780
8556
5790
9882
7295
3797
4151
7349
6444
7254
251
1738
9766
2417
9241
7090
3769
7373
356
7506
2047
9809
7795
8552
5288
630
6590
6939
3571
8625
9438
402
5122
7406
5661
3076
7632
5507
5233
3481
696
7184
4413
9653
7354
7326
157
3644
8485
4614
361
3402
8911
3822
5356
5889
900
9858
7248
8121
1216
456
5112
8097
481
5711
6535
1401
2445
7910
7210
2422
9393
1525
2978
6330
203
1115
3398
8059
2397
7323
6544
8946
6636
7860
3793
2324
3514
1535
3439
551
4229
8276
5030
7583
9482
4580
1762
1786
4394
3479
9038
3433
6259
5836
7343
40
2454
4386
2850
6189
7119
4677
5435
6442
2679
2501
6111
1340
5450
8394
4607
4078
2840
2670
5448
1668
6159
7590
6064
9413
1523
4073
6447
8473
9343
6180
8905
2602
1752
5730
9350
1885
2979
3920
682
8696
8067
8156
9889
5545
2932
5733
1109
2495
2617
7557
3341
8257
6449
4926
1768
1262
9316
6523
47
5987
1719
9696
8856
8873
3286
5083
6123
6775
4423
3974
584
3718
2587
7547
911
3115
1904
3224
4418
5129
1975
7211
9402
2460
6001
4154
2158
4272
8806
9567
6612
1182
7534
4676
5422
871
9819
7781
9668
8397
2948
5207
5327
7503
7676
3459
6830
5870
8519
7734
6134
1654
3379
8400
4156
8396
7654
4800
6902
9474
6850
7672
7605
4281
5189
5166
8016
133
9031
9513
2276
5897
70
4056
8295
4226
1308
3157
28
9202
3007
3429
4762
3038
9371
6033
3735
3238
5209
7832
128
2510
9929
9600
2436
5667
4697
2269
833
2660
235
9992
749
2757
1010
680
7455
5614
3840
9193
83
2592
6291
1253
5593
7588
1349
4601
4575
2673
7914
3151
3956
151
2819
2302
6335
3610
7756
7095
2882
3684
9958
8707
2465
7970
839
5683
8155
3522
4966
3397
2810
605
8385
4306
8183
2068
9931
2598
2133
48
7639
8046
6435
8755
5394
2993
4090
8985
1971
5117
3423
3209
8127
2363
6363
8950
3414
2615
9643
764
5612
4523
20
5573
3936
2211
5062
4187
6281
2864
3894
5225
2742
1081
7134
9137
6495
8839
1131
1015
1582
4671
7989
7987
8287
8752
778
794
6032
2152
6460
3694
6804
1060
6351
5472
761
8779
8110
5919
8996
7898
2999
6756
1621
6507
2776
8055
5221
9262
9807
6401
7062
2578
8072
5296
7501
121
8239
574
6329
9835
1645
7526
826
8971
2736
9142
926
1518
2225
7457
6514
7266
9154
6938
6513
9362
6459
7137
5010
7621
3195
2015
1097
4072
2752
7358
4339
1185
4311
27
6885
2213
5540
4718
8882
1783
6984
9273
593
5219
9239
8580
5440
4097
2143
2367
9324
8675
4312
98
2786
3406
2049
1984
4481
8468
9071
8410
6697
7249
9352
6384
9503
5913
5023
1211
9925
3542
8535
9046
5751
7093
5406
9533
4989
9290
4218
7459
4083
3000
9412
379
773
731
4382
3523
8782
2669
5220
5113
428
2394
8955
666
5388
8740
9346
4192
3712
5561
4032
9553
4838
2608
9356
6705
1528
8332
2335
3487
5093
7035
2940
7086
8225
4787
6564
1543
2595
407
3142
9120
4244
5925
2055
7555
6723
8336
7491
8247
2941
4263
2012
4557
7530
8857
3461
6148
7398
304
7623
8273
9053
8210
2907
3268
8611
6014
3988
1622
1709
658
464
8249
1962
3319
8449
3925
4175
2994
2485
6040
6591
5026
1511
951
2805
9178
7080
1834
3909
8921
8448
3272
7392
6618
7378
3106
6142
3048
6457
1789
9537
6650
3993
6560
6099
9394
9698
1069
1373
7260
173
755
5684
6433
5988
1602
5514
2064
6174
9354
689
768
3630
4295
2037
4971
3751
8670
9446
4227
2824
7798
649
2045
2319
3947
4016
9033
3518
3675
6219
3133
8269
154
3164
2717
8942
2552
97
5169
1353
4468
5962
1977
1001
8129
4075
3499
8813
1292
3338
7064
4297
5516
1470
602
893
3575
7292
2655
8069
6657
1184
3650
7917
1840
4651
9941
3340
7243
4811
8960
330
2078
635
9368
6478
1445
5899
6045
8540
3970
9589
7434
2867
2090
8215
5538
3228
1576
1403
6583
1631
2704
1859
3896
5671
7478
3776
3779
3852
5467
6000
3781
7693
1534
9201
1660
9149
8995
1851
3609
4379
8283
9439
7852
617
8102
4472
255
5314
3245
4251
4157
7145
9675
79
3627
2426
7016
1252
4410
2528
8891
8409
4322
2022
404
7880
1358
4981
7723
7408
2004
3257
7347
8545
6840
7740
7079
9235
5886
1176
2545
565
4345
6796
5498
8227
8152
579
4135
845
1599
1072
7386
1324
315
8478
7899
9735
6520
7821
4277
8565
6119
5177
6728
5365
959
6735
8085
8464
8004
8532
7720
9286
9469
1624
1755
9576
8111
3163
421
7179
6852
6238
9903
9081
8370
9742
6208
8031
7050
6285
8680
5324
1897
1559
7952
5364
7422
5213
3934
8084
621
205
8103
8044
7540
1564
4414
889
6648
887
1934
9388
8529
2475
5566
2306
6396
6266
8300
95
4232
2567
458
8163
6016
884
2163
6652
1347
7024
2768
9557
4681
944
976
7407
5247
309
8706
2088
3997
6297
3873
9733
2222
3655
239
8542
4329
1078
8507
5351
860
5170
8829
9868
7696
8081
7195
9746
1626
6086
2027
9457
8278
7907
333
5298
9282
2709
5875
2593
9945
9013
86
2629
6799
7584
3829
9441
752
3636
4153
9098
8457
4068
506
2447
9485
4635
6229
5693
9133
1392
9266
1743
9303
8335
5350
5291
5753
2644
6306
1462
6874
9578
1452
9927
5277
5907
1163
370
2825
4444
1269
5534
1080
1084
2529
4264
7937
4155
4534
3666
3835
1151
6158
6258
1145
728
6473
999
6309
4455
3713
7745
4168
135
7729
3418
988
8645
8618
8462
6358
9045
1807
7837
5715
7884
8422
2407
8526
7284
476
809
9890
4830
4426
9594
2665
2247
5728
5618
1965
259
181
439
9107
4419
3699
4561
567
5779
4598
5317
1199
3515
7764
2057
3403
3827
7767
5491
2257
6432
5690
6343
1844
9261
3876
4451
530
4018
5609
640
2224
5597
6150
7054
2605
1819
7309
4305
9249
7633
6581
466
1074
694
9596
7562
4942
8505
5441
6649
2223
7130
2102
7581
9335
4211
827
6485
2024
5847
5846
4550
6937
9338
2160
7300
7444
8721
8463
7892
4732
3312
2110
3919
2296
6768
4053
5924
3978
7375
5414
2470
5032
3349
3985
7532
9314
6312
6754
318
4353
4399
5505
7567
8778
5354
296
8738
5581
8964
6066
4130
7015
2729
5142
4875
7370
3044
4063
8554
2377
5430
1921
4907
1926
5459
9003
8037
9240
3552
6323
6802
6817
7088
8326
6443
8169
5068
4309
517
4797
5066
3663
8456
6365
9002
4011
8446
4259
1440
3792
9437
147
5770
1970
4501
6393
7281
9397
7382
7698
8851
2274
6811
7111
8291
6542
9366
3836
2967
1000
9523
5856
4195
2313
6786
4701
5111
448
5910
6926
3569
1150
3211
598
1036
8421
9514
2471
2836
1425
7707
7818
9090
2636
6426
5853
4743
9983
3261
74
4619
8298
9991
5982
6823
5660
6767
5020
9134
1274
8328
2676
7975
7823
4105
9913
323
7655
7998
8323
7850
2184
2320
3457
1338
2046
7777
2606
4615
3230
1458
3320
1318
5866
7126
9136
6508
4141
4100
4861
4818
9826
1596
8212
1299
5511
780
7548
8792
9687
4487
6801
1917
5944
1825
8528
5148
7500
1527
7638
8777
1956
2936
6582
1490
6684
9488
9919
7285
6716
7984
6084
4684
5279
4648
1056
6727
9561
4086
5318
3521
6959
8676
2053
7768
4480
2253
2100
1791
8309
5029
1575
1218
3704
3029
6377
9634
198
5961
6953
4734
7115
2280
8875
116
4729
6540
2134
6970
2395
2664
6831
1721
6300
2887
4998
5337
4065
1159
2018
4274
3282
3333
8172
6062
7804
2175
8571
298
2360
6068
2654
1663
284
2656
1497
5217
2003
9170
6020
1287
3446
9534
5584
5621
5453
8436
2514
3848
1281
1411
8441
8993
7426
7796
5704
4359
5358
4665
765
8442
2667
7276
5517
5797
7449
3736
3965
684
7558
9782
2492
7359
7620
3741
3843
4406
908
6408
3122
3014
9175
2892
8191
8224
7864
9463
6896
1514
5410
3637
757
4102
5788
3638
6703
5196
678
3114
2866
125
7938
1125
4995
1872
3577
369
9227
8292
373
5336
3841
335
3146
9411
1436
7552
1985
265
5877
6156
712
5463
8359
1343
1286
8848
8373
1831
1828
5123
5979
2806
9498
1519
4850
7471
8749
5071
6502
4715
5521
4547
9943
3291
7087
5888
8514
3153
2339
5449
5605
2720
3866
7619
3788
6151
1265
3
5466
2828
8741
2356
9430
3682
7236
4990
1625
4459
3458
3714
219
6012
4300
3999
4592
1733
5151
3706
2153
7931
4185
8938
2579
7040
197
8454
7207
4945
3144
569
6795
6039
400
5061
353
6808
3278
8549
6773
3886
5390
5248
2076
3605
5017
4000
8268
3236
6892
5397
8927
7834
8503
6580
9887
7196
4374
5657
165
7244
1619
6353
146
4052
6909
4955
4859
9670
6950
7214
2551
4448
6721
690
5686
317
4581
6468
1651
9648
7231
3181
8729
6868
8338
531
7272
7369
1778
3607
3780
2683
3322
3639
1581
9082
6046
2518
9749
2557
1027
4013
2109
9662
6853
7438
240
6976
2479
952
5275
7992
4161
8383
2957
2662
1861
24
767
5080
392
6252
4046
1475
8692
301
5716
4366
4883
7592
2290
9921
6184
7168
3855
8493
6
6464
7443
425
4324
9953
1583
6403
5978
6576
2898
2017
3721
5819
1683
4737
2512
6824
7127
7904
1635
7116
8218
7089
6739
1161
2060
3108
3497
1554
6205
3597
9358
1843
245
3731
4954
8513
3056
6669
8972
3570
7233
736
5202
3256
401
130
686
385
3141
6982
2731
9340
3303
7172
9258
1648
3392
3054
7607
3049
730
6250
7978
2759
2350
1191
3488
3478
99
2386
9964
2226
6889
9904
7943
2600
4398
9587
8154
9189
3748
6698
1233
1136
5708
5257
4566
5423
268
4596
1764
6766
5223
510
1126
8647
7142
7048
7981
2956
2177
2260
9104
8443
992
5680
4976
7895
5287
8311
4916
5456
4647
2561
8798
7652
4395
4217
4853
6023
2236
8759
9395
9635
2243
2838
290
3772
1290
6262
6380
3172
9246
3619
2381
9487
9532
3628
9517
3517
1391
4491
3634
8785
677
4049
9650
8140
1883
4582
8482
3937
306
9828
5996
7935
8769
9674
1713
141
5649
9840
9332
9373
3382
9313
6003
7778
6895
2252
6988
3785
87
3264
113
5340
2842
4901
2450
5740
6863
2508
9518
5306
7181
1868
7074
9028
4943
8248
4485
14
2700
8167
8318
13
381
631
91
2539
9558
8791
5610
3067
9829
4872
8
9726
6058
5413
1423
1090
732
6783
7953
2484
5777
5570
6859
5092
830
4919
6750
1731
1079
3339
7490
3716
3135
6630
8794
3653
8256
5312
8824
9554
2798
1968
4401
2145
3789
5468
234
4409
5513
5183
619
4034
3948
8548
5909
1035
5977
5508
9219
6446
3612
5697
6595
3218
5338
7384
7098
2883
2315
6117
2248
2897
2582
4476
1679
3729
6163
3914
2284
5246
5013
6299
6946
429
1889
5915
5732
2193
6609
7566
8091
1795
4865
4817
1033
1656
108
4714
6231
729
941
7575
4084
4043
5543
269
6743
5793
5816
9802
8048
8902
8237
5222
8363
5244
6094
8187
3790
6765
9
7479
5726
6187
5932
4278
3080
4341
668
7489
1902
3875
3705
2210
1539
2411
9607
3623
1348
5280
6463
8642
1876
5426
5145
2710
3649
7135
124
6702
7366
1384
2918
7933
4307
3112
9776
423
9906
8058
3798
876
7724
6515
2079
4889
7483
1833
1147
4882
4834
84
232
4658
7613
5821
4720
5146
2464
902
1684
8038
4894
3369
5892
7441
7029
7012
454
9280
6030
21
4540
4231
7351
4165
2848
3015
8760
9620
6971
3553
2914
2232
7246
2723
2820
4371
9381
1500
3917
1681
2075
8515
1513
8491
3183
8015
683
7413
3783
2421
5269
9799
4531
3926
514
5578
3550
3774
1032
4738
4649
883
1351
1302
2354
3558
2214
7758
8003
8166
5599
8853
7603
4081
7022
9543
8130
7610
5844
329
7934
6494
3708
474
4039
6688
2869
2758
2448
3656
3616
9732
2832
1389
6296
7806
4608
3384
6043
8648
5966
6130
1646
1718
3443
7356
6132
7819
9269
9452
7493
6024
183
5179
4368
3417
4702
1803
4010
843
3757
6429
9281
5212
3294
7529
6574
6369
8937
3217
8619
81
5385
4771
4985
7993
7813
4089
2652
1504
8787
2726
5260
8354
746
2304
3250
4624
9318
9611
6398
996
9705
5195
2091
4652
46
2120
3596
4609
5231
3119
6489
9795
2681
4017
3574
5692
8899
6730
9570
105
4212
8880
4722
9831
6555
8007
2403
3576
80
8658
4490
354
2645
3587
7049
8627
8864
4825
4502
359
3689
725
1634
4127
2245
1140
6382
3508
5835
1489
4858
1200
9962
8342
7663
2520
660
4298
9806
4040
6821
9664
4321
3765
4559
4600
7788
5047
3967
1089
3053
6720
6172
179
2020
9236
8341
7936
6631
6203
6912
5391
853
2576
6839
2782
5056
588
1108
2743
522
6518
2063
9181
9571
4210
7514
4357
5049
1821
2841
2753
131
2549
9271
5374
6422
1110
225
5775
6734
2996
7785
2584
6753
4148
2035
2263
1157
8725
6870
7128
1243
1992
2730
9810
2273
7332
5598
6075
5476
1077
8381
2179
7470
1297
637
3061
36
8770
6869
6417
8433
1749
4902
5443
1164
1045
66
7376
436
8561
322
3763
7067
2937
3316
7625
4301
7304
4905
4457
1454
9012
7257
6182
2208
3102
7288
5984
5454
4785
1941
7263
42
9512
9700
5455
6516
8266
2651
8240
2792
1023
3660
3295
3859
7888
4863
1886
3140
9928
143
1853
6898
4314
546
8595
9891
4091
2170
7811
5249
3617
6160
6332
5607
7377
8700
5768
459
5895
3344
8366
3742
6194
5822
8192
6856
9649
4879
2441
1331
6336
3212
2619
9238
6656
4957
127
4471
7737
9672
6324
6678
1142
8280
3723
3906
2859
344
1137
2653
7792
3671
2585
117
7305
7129
5945
3544
3219
724
4283
5268
4019
2745
7328
6687
5255
1448
7303
9832
3531
5687
5510
3640
9947
2626
7630
7673
1421
2345
2984
5110
917
6644
3016
6600
2755
4224
9151
1261
8116
5916
8555
9210
3357
1463
9849
3066
3353
3983
2783
9502
1116
6333
2
6168
5052
7202
5005
3802
9447
2374
9005
7320
3697
5731
5105
264
9767
1730
2227
277
9063
3624
8797
8982
2896
1846
9088
924
1870
9642
8992
7866
5635
4478
6362
8134
2931
8710
9540
2180
4473
1797
3536
7733
3578
4415
4461
2908
7582
1129
711
5043
2311
1910
4724
6006
9198
4869
9837
7839
6729
49
6124
488
9507
9619
2580
1146
4931
2861
2316
4433
8827
9129
3438
1531
9429
875
9128
2388
9364
3166
7194
7916
8663
5190
2951
1776
5419
1397
221
6844
6138
2092
5270
8471
345
9500
8727
1179
2823
2990
1469
5858
9034
4808
6034
1737
6667
8284
4526
4568
7060
7944
4122
7082
2761
3079
9538
2404
2974
864
8768
2459
1584
3247
1705
3266
4028
2594
2889
1763
4938
4691
7656
486
3109
5717
9186
4520
9192
734
7218
6349
7452
2369
8445
2500
2007
641
7289
4441
8652
5363
7736
591
1155
7241
5483
7345
252
9827
1922
8022
8245
6409
3890
8584
2959
5301
7885
9838
9099
3062
8598
6573
1616
1689
4975
5878
4387
4500
5502
1940
7312
4402
1437
8852
6354
9783
2983
6861
283
2816
5997
6394
2385
5099
9508
8096
1966
3302
9580
7784
9185
5679
4400
6176
4639
1408
8008
534
2797
1739
4896
7666
4038
4733
535
1271
3215
5629
4255
8517
1093
3089
9068
2639
1335
112
6121
6605
452
6260
4291
260
5550
8395
7269
7627
384
6992
3545
5659
6325
9781
1173
990
8757
6400
4920
433
3986
4514
4346
5620
7594
3828
2376
5525
350
662
3002
7232
3573
9608
4182
6567
3529
3880
4027
9205
3771
7063
2298
9604
5240
3560
716
3801
1381
532
4518
7395
9147
4031
3387
1690
9453
4593
9007
7240
9171
8967
9163
5474
973
5912
10
1594
5906
5700
2698
3990
2150
1887
8423
3749
1692
9772
4055
6101
4176
82
6063
4672
4873
9734
8427
7586
2703
8888
7247
3980
2856
4703
8704
5378
9070
4194
5663
3957
7146
5778
5044
2115
1938
7454
3538
1812
2865
9788
419
7747
2352
1054
8825
4848
2010
6491
7717
1047
7574
1627
4337
3244
2684
4660
2038
3306
2029
2126
9797
6722
8805
3413
7628
3335
5672
3332
2945
8538
2571
7215
6592
3490
7133
5890
9176
3996
1541
8288
8203
3668
2989
3179
4377
790
5658
8977
7572
8496
3033
7539
3585
5267
8695
15
5012
250
3648
9603
502
7651
2916
7955
6837
6820
4980
3430
8351
2857
5161
5153
1486
9084
9360
6366
9654
4587
3847
9101
1230
3902
945
8790
8617
8926
8364
793
7841
5960
4431
9628
29
2337
9470
4512
8035
3401
1187
5817
7279
3567
3584
3905
8428
5125
5334
7692
3198
7569
1555
6919
7217
7036
8579
185
437
1174
9345
7870
3586
9172
3921
2634
5460
2301
1629
110
8903
8299
3068
613
1544
5885
7199
1402
5948
8786
6977
4215
4160
7492
383
6089
8835
9950
3506
7947
1181
3175
3051
8483
5199
8629
2382
426
7805
4773
4769
6903
1526
9289
6462
1562
8667
5481
8716
3103
3818
6328
3543
5652
7959
1267
3150
3059
2096
6476
9626
2073
7368
5445
6596
7966
6413
3358
7042
1272
661
3984
7023
528
9374
9291
1471
4239
3897
7809
6192
5501
2635
7477
8817
2286
2166
8895
6061
1416
5930
238
8603
6674
8883
2854
2351
2378
9824
2577
2946
9334
8612
1006
6662
9583
7322
5845
5867
5433
2954
783
9060
7298
1951
4166
2168
5705
1135
3191
7027
7103
6483
9713
7314
9123
9555
2329
3113
8869
4519
3129
4198
4987
7331
9989
5253
4428
9632
3400
6819
7872
1082
8170
1860
7131
993
6355
6789
9820
766
9892
9298
6421
468
6978
2985
6637
4623
2317
4852
8466
4958
4813
1427
5339
3084
3371
4241
5852
9122
8070
9520
2812
5403
7741
4507
7014
7020
7185
7221
6525
5611
9264
9966
759
5953
7776
2643
3755
9211
5495
5055
3216
1100
8614
6248
6319
4877
8162
3804
1545
4260
1172
4962
779
9050
6007
6690
2486
1263
6293
8697
3549
5522
9916
2535
2981
6633
5418
1112
1106
1830
2191
4107
8867
2556
7307
8723
4293
1207
1901
2427
8451
5986
2620
1597
3611
7389
5163
8784
2238
412
5173
2814
892
706
6708
4637
6717
176
8223
7385
4545
4332
1492
3019
1960
5526
4327
838
4851
8878
6171
7522
542
5701
2487
1424
9728
2478
9874
3193
5891
5046
9370
3932
7364
4661
4503
2129
8308
3667
3154
5040
2754
3269
7873
940
6122
594
5946
3832
6149
160
7256
888
4338
9706
9008
3126
467
9701
7238
6512
2998
9792
8715
3386
7139
812
1132
2961
7159
8524
612
4285
8371
7189
1907
1585
7464
1890
967
2303
6209
8040
9337
7242
6364
2130
7802
4885
700
7204
1041
9072
248
5475
672
9044
2097
8705
7913
8214
6640
9378
8068
5579
3351
4199
7580
77
4886
9143
2340
3111
3871
7831
1178
7856
7694
3093
4008
9105
5879
5158
931
1742
6202
6198
2640
6997
3326
9678
9778
2371
8863
2922
8301
1104
3839
2912
3380
31
5031
6082
9876
9739
6915
5990
1617
9499
2197
273
4686
3643
4706
6534
1223
6090
7061
4265
6550
8469
955
311
2262
8810
5976
5582
33
5157
2185
1849
1570
8024
8407
922
1900
2803
3455
3026
4405
8440
9376
6979
2149
4014
4741
7495
4725
7121
2963
3017
6427
6249
2737
2564
6587
8974
3900
851
8131
1547
5921
2136
349
982
1049
2708
2202
2847
7397
7854
7905
6125
1464
5425
2380
2763
1767
3034
3933
1461
2770
5009
2569
6181
1418
9774
455
4983
6524
6237
4890
4747
4483
7267
7926
6686
2279
2070
2925
4352
1227
7779
1915
6499
8041
2111
1321
7155
781
3647
4628
3003
9997
6654
4454
673
262
4220
5964
4991
7287
8512
4470
750
3220
5096
2114
6490
9982
7352
2188
7780
3942
7688
2650
6593
8801
405
5278
5794
8581
6551
4117
2899
9385
3595
8023
3470
7447
8047
5531
2308
8922
1600
41
9372
6755
8979
4529
3745
2077
3823
1794
1134
9160
9566
9165
1520
657
6709
1677
1781
9803
2707
2300
3452
308
4347
7924
4964
3254
3602
312
4823
3284
3006
489
3987
4237
6414
5107
5956
570
3657
1981
2416
6816
3758
5090
9490
4597
7463
2310
4620
7123
5580
3775
1798
665
8693
7814
6660
4099
6613
3255
7965
3833
3907
2969
4515
954
5504
138
8547
7178
1955
9432
8339
5375
6284
8399
5723
8384
8774
6594
1874
5208
5710
2546
7400
5369
3562
8017
7762
2621
719
9550
987
8243
5664
820
6100
2562
7344
3194
8703
7473
5600
358
9959
977
7380
4884
6147
4093
3548
1814
6022
1512
8455
3117
737
2393
6334
1364
6635
5840
1278
7685
792
2808
4712
1548
5766
5939
331
1754
6704
397
559
5437
5299
2419
4946
9483
7114
2041
3147
3243
3526
646
533
7011
368
6048
8498
4636
9418
8484
7982
2415
4984
6905
1698
2410
2929
8387
6406
4835
8508
650
1442
8901
4432
5928
4184
6763
5576
1488
5920
8258
5427
1723
3013
2338
2357
1457
9702
375
1025
6041
1005
8379
859
161
5747
4644
4764
8151
2266
6718
7
8305
5744
8849
4590
5305
1105
6165
9684
1608
8558
9948
9757
1746
3356
4320
9844
5722
8390
5951
8699
1260
5198
8009
8815
5841
6599
3180
2401
4475
9434
4751
8920
1238
8253
4388
8165
6378
5087
9524
6620
1524
6440
7705
7099
5553
6528
3737
8726
2341
9501
6968
4424
1120
3938
659
3564
1029
8834
9492
4234
8560
7223
7169
6029
7647
7417
4564
4045
2612
2633
7037
9602
6348
4876
9237
3743
7494
7961
8929
4555
1068
4986
3887
3201
7330
1777
8681
3760
7410
4233
5874
8419
2094
6131
2443
3307
9009
7465
9056
1760
9455
1946
7442
5412
5795
9784
8585
8293
4023
1166
1158
6054
8279
7765
1666
107
7148
6677
9256
9419
4436
8898
4070
4541
9278
4511
8029
915
6321
2314
8711
2544
9489
9977
5180
6834
7599
6806
2738
861
1929
5372
371
1873
6474
7578
5678
7858
5370
8799
6420
8690
7977
1669
8962
3063
7429
3532
4719
1598
7170
4120
4404
9750
3631
8761
1589
1367
8531
4548
2616
9689
9853
6211
5036
4092
858
118
1643
430
2322
9153
274
9794
2085
852
3877
8319
3121
4944
8104
8061
599
1439
758
7046
6448
4262
3149
7201
9955
9694
9484
1073
462
5949
6383
8211
1057
3539
5127
6070
366
5748
9673
1521
8577
7421
3842
5428
2888
3127
9497
6956
8006
1561
9719
5642
3334
6197
7237
3285
9061
6256
9623
2135
60
6785
9895
6900
5329
376
1249
9425
1989
8226
9059
9114
8432
7138
4664
253
9460
5615
497
9421
9058
6135
4933
6410
7612
8355
6986
4446
7690
343
1385
394
449
3787
818
8671
3071
7517
4781
4060
7844
5401
800
8145
5006
4383
7365
844
5798
7166
701
7980
3327
2601
492
3922
5940
942
4783
8945
6274
9791
8999
9963
8133
3437
2025
1375
3373
795
4504
4759
7725
4784
4323
9934
9327
2625
2171
5765
2870
1128
4616
4372
5848
1459
1422
9435
2398
3040
139
8956
3632
6882
5975
5929
799
7283
4544
6904
4948
2241
9408
5863
6129
9294
4878
3951
5565
676
6304
6949
3177
4721
2774
544
5069
6901
8659
3719
8393
6842
9248
5310
978
5520
6990
950
5807
702
9859
4189
7293
1289
3425
525
9974
7435
1736
1419
8843
5184
9232
4680
3287
2144
4793
3912
897
355
6357
5371
3945
2614
6565
1774
3761
708
5271
709
7225
7360
3145
3190
6788
6108
175
8668
7511
395
5568
6360
1816
2282
5176
4694
3899
5639
5434
5118
7757
25
5021
8884
1815
1258
6036
3860
6548
7428
1018
3702
4819
655
3383
2618
6257
6144
3513
2239
2678
9655
3686
2672
8840
4037
5149
9731
3557
7845
4029
286
1745
3486
907
610
1315
3365
3298
2800
2006
9656
7414
357
7486
4996
4167
5805
5963
1963
396
4961
5854
3811
7711
6744
6965
3124
7021
6270
7341
2051
3101
4909
4315
1048
7412
2973
6052
5400
2630
9301
9369
8881
9348
71
2137
4833
2607
9552
4567
1785
2744
1593
5872
415
3903
3246
1725
8736
7222
3363
2128
3861
3659
5851
7643
3078
9131
2972
1016
4170
772
946
6749
8919
6056
2538
3037
2947
5417
5232
4219
1704
7216
7336
5131
3225
460
1632
7319
4912
4392
1954
3073
8916
7891
1478
3885
5051
1177
5855
7268
7251
4216
2558
9956
7521
8178
5742
8613
8254
1052
9545
814
7508
8866
7445
2740
4131
1399
4695
6913
4450
8624
8804
3120
4202
1580
5857
2288
9510
9893
186
2423
3235
6113
8447
1042
8763
1170
3005
6504
556
69
8206
5172
2876
1620
9015
2772
5591
337
9979
6692
695
9965
6558
347
102
3561
3674
9905
560
1071
6798
9076
1152
5064
4530
8983
3685
4422
769
3620
7969
8429
2167
9862
1661
1004
7835
9260
6505
7677
300
6371
3916
9629
8217
1793
3460
8164
2884
4222
5995
9568
9390
9897
2072
2855
8361
802
6964
1987
3677
8184
9080
4777
4035
6624
6107
7077
2878
2124
215
4690
3463
4042
1102
2444
6615
9459
8708
8128
1330
1758
6430
8078
2268
6419
7570
2712
342
55
8367
6545
5191
5630
6087
346
4294
595
7188
3599
5073
3952
1928
8095
6608
1412
1676
6706
9399
7076
2028
1255
5734
7799
3588
1295
4508
6670
6423
2507
1059
2992
2530
3954
2264
2195
6241
1579
7402
6626
6232
8533
2131
2659
9748
6412
1175
626
4110
7691
4079
6236
5901
9631
163
6771
9450
4188
5284
5631
391
5666